lastAccountName: Eliasegg
timestamps:
  login: 1562619944798
  logout: 1562621363117
ipAddress: 161.0.220.100
lastlocation:
  world: CTF
  x: 172.5
  y: 66.0
  z: -74.5
  yaw: 0.40591666
  pitch: 0.0
logoutlocation:
  world: CTF
  x: 178.0
  y: 65.0
  z: 180.0
  yaw: 81.19992
  pitch: 0.0
