lastAccountName: JuliCarles
timestamps:
  login: 1562619938403
  logout: 1562621359529
ipAddress: 190.211.131.186
lastlocation:
  world: CTF
  x: 172.5
  y: 66.0
  z: -74.5
  yaw: 4.3817267
  pitch: 0.0
logoutlocation:
  world: CTF
  x: 178.0
  y: 65.0
  z: 180.0
  yaw: 91.699875
  pitch: 0.0
