lastAccountName: SpiderRobotMan
timestamps:
  login: 1562619849545
  logout: 1562621365123
ipAddress: 73.64.16.47
lastlocation:
  world: CTF
  x: 172.5
  y: 66.0
  z: -74.5
  yaw: 6.071562
  pitch: 0.0
logoutlocation:
  world: CTF
  x: 178.0
  y: 65.0
  z: 180.0
  yaw: 272.44995
  pitch: 0.0
