lastAccountName: Jigbon
timestamps:
  login: 1562619802656
  logout: 1562621038528
ipAddress: 47.201.215.114
lastlocation:
  world: CTF
  x: 172.5
  y: 66.0
  z: -74.5
  yaw: 0.14287627
  pitch: 0.0
logoutlocation:
  world: CTF
  x: 178.0
  y: 65.0
  z: 180.0
  yaw: -143.34982
  pitch: 0.0
