lastAccountName: ShinichiTakeshi
timestamps:
  login: 1562619869513
  logout: 1562621348965
ipAddress: 188.26.172.156
lastlocation:
  world: CTF
  x: 172.5
  y: 66.0
  z: -74.5
  yaw: 6.0123243
  pitch: 0.0
logoutlocation:
  world: CTF
  x: 178.0
  y: 65.0
  z: 180.0
  yaw: 9.349989
  pitch: 0.0
