lastAccountName: Retrovidya
timestamps:
  login: 1562619796323
  logout: 1562621344188
ipAddress: 174.102.99.57
lastlocation:
  world: CTF
  x: 172.5
  y: 66.0
  z: -74.5
  yaw: 4.1349144
  pitch: 0.0
logoutlocation:
  world: CTF
  x: 178.0
  y: 65.0
  z: 180.0
  yaw: 109.99996
  pitch: 0.0
