lastAccountName: DragnLord
timestamps:
  login: 1561977597015
  lastteleport: 1561977648525
  logout: 1561980573183
ipAddress: 49.183.148.248
lastlocation:
  world: CTF
  x: -73.0972591042995
  y: 65.0
  z: 50.46988699060816
  yaw: -275.29272
  pitch: -3.5664055
logoutlocation:
  world: CTF
  x: 250.0
  y: 65.0
  z: 427.0
  yaw: 183.4347
  pitch: 0.0
