lastlocation:
  world: CTF
  x: 178.02349655123723
  y: 130.6334429979232
  z: 127.95171602422549
  yaw: -325.7986
  pitch: 41.999687
lastAccountName: RobsAlt
timestamps:
  login: 1561964826053
  lastteleport: 1561961671335
  logout: 1561975638839
ipAddress: 193.119.58.96
afk: false
logoutlocation:
  world: CTF
  x: 115.0
  y: 65.0
  z: -47.0
  yaw: -250.64912
  pitch: 9.45
