spawns: 
  default: 
    world: CTF
    x: 172.70921183515352
    y: 65.0
    z: -74.01773564981195
    yaw: -264.1449
    pitch: 3.5995607
